CBSA	adj_population	adj_units	weighted_event	fire_rate_per_100_000_year
10100	33944.27122941423	15630.439776141005	174.6661447962874	101.58857116908597
10140	56872.011708923725	26224.912928331443	381.5458862681683	132.26350743483465
10180	141729.2145509395	58534.03742104089	778.1297942301345	120.85117534932135
10220	32552.706803823283	14430.223131246736	210.7467175115294	132.76851180188822
10300	83427.92249320152	35752.284341060986	405.56267193534813	103.12441426284047
10420	672680.8292640082	303250.3606757809	3302.9953910658955	99.01795585982927
10460	47370.222109231814	23592.2362793609	190.03075515760358	73.22545854315157
10500	141373.0379803095	61261.63760452049	1555.6945770907707	230.85700165006483
10540	100448.33880664104	40689.45435076491	448.5050613117258	100.20578560844866
10580	664793.2647046178	302958.4103154449	2274.096870301745	68.23909555872166
10620	44394.06482819913	21053.578534556145	256.7048487027626	110.84483518666516
10660	26173.901067730538	12184.191469974723	194.80547419430633	145.34890236057245
10700	82475.60676870136	34406.71191554202	467.4995844533099	123.52230090266288
10740	597515.2395724118	246475.560783678	1784.4717325856036	65.81776401949477
10760	34271.94096025684	18660.02865816468	196.20828219848207	95.58997411128709
10780	121216.38823954429	52054.34061208698	1127.4098750360286	196.8938720888506
10820	32403.794387872356	18096.672218895794	247.71361154599327	124.43955971054221
10860	30333.26424558257	11861.711853741497	145.85601719421794	111.78519669203266
10900	598748.5046529076	248330.6000498195	1512.2344360794712	55.36001515633852
10940	34885.852627832624	13459.824546112526	247.15047362710078	166.928066545119
10980	24826.28887159926	14154.642265710798	152.14703943920935	97.71740451141348
11020	88331.20438618666	40346.33494136258	353.3362696066873	79.61436671221118
11060	17537.05203817993	8135.302076806207	91.89410820507979	102.6883790909592
11100	240731.89134264935	99181.55180949863	1480.7479133920358	135.72427958231572
11140	31548.685098190446	13915.982553684047	301.90329183199805	197.2246925219309
11180	98921.13192099553	43390.20414845953	339.5786402039479	71.14690073239069
11220	33478.06513315931	15758.017468687533	172.95524767657466	99.77907668574012
11260	378867.54545454547	151617.72727272726	2246.0	134.66882920262984
11380	12322.818181818182	4416.636363636364	55.0	113.20832389930632
11420	26475.890692009485	15112.173802876789	135.15975644800687	81.30696977454966
11460	346059.57528868556	147185.956863548	1164.6671603431998	71.93541762726048
11500	81253.76839854426	37915.44240449947	668.5614652937622	160.2996330051869
11540	207939.96660753863	87492.50119379444	700.330633029752	72.76786046326741
11580	26712.94925737076	10581.811955718238	71.95262203936963	61.815003758309864
11620	44715.13317505563	19922.45715197016	290.5030096544871	132.56077958954285
11660	18546.84618419795	8799.579936291793	128.98979315560268	133.26027966363452
11700	390817.63146960904	193831.1794091108	1166.2632624715006	54.699111502682776
11740	45371.32516446819	18967.727899089714	174.25042209768978	83.5152610144021
11780	93792.1858351535	44003.88891982387	789.4263490414021	163.09020291773749
11820	32408.484815067193	17450.333441062197	167.64893707363063	87.33823060008785
11860	12921.2021428846	5301.6815329559395	97.56046246788094	167.289055302433
11900	56001.25616430407	22349.35760690008	322.53899596500236	131.19717989950902
11940	50952.44469469763	22760.45600282312	400.89418974656	160.123884759057
11980	74739.38136569476	36960.28613949718	524.474960726106	129.00209079615126
12020	167346.43050406277	71271.51669074233	720.2506632202657	91.87026747885835
12060	5516759.28710678	2191422.501635473	21142.26120452759	87.70667201015438
12100	193950.63818577546	93691.67814744545	643.3348249221173	62.42281624178963
12120	32670.11329426939	14443.338228405493	157.23666687073512	98.96771935093116
12140	27876.35159297973	11772.019497928764	81.26353692760198	62.75553882191114
12180	48164.748737944734	22814.31981610431	223.71844240730175	89.14594159624814
12220	116846.8283031649	52297.727486969714	384.46852125707903	66.83212718822622
12260	543594.1402888347	234963.8480892223	3592.883971538885	139.0110939408922
12300	93476.13112908922	46170.786854957	543.0284653267316	106.92090710018277
12380	34314.00807967549	14781.661181756264	257.83160402681847	158.56970635100072
12420	1683071.3372955986	665526.9672464416	3958.0000519026166	54.06515501923492
12460	25903.88773635677	11565.098998223884	297.2251695919532	233.6380342879427
12540	776552.6363809172	256709.72230911982	3259.7267651890647	115.4373095688717
12580	2328141.151224083	975944.2070452388	6199.0382839529175	57.743970488949074
12620	105619.21025455593	50450.2978792348	609.8361353500525	109.88963593613465
12660	48884.560745052906	23402.26309716504	286.5832679556753	111.32694411406271
12680	38363.157642244485	16143.553604704886	177.81235350889628	100.13135772775948
12700	194293.1173588059	140292.1901736148	1141.7707808469843	73.98654450038211
12740	37037.51267918522	18584.73693694192	201.23052041392802	98.43391238769745
12780	35145.13338580267	16002.233967730694	214.5519420398973	121.887494227114
12860	36654.23327449447	16505.238353429646	191.85486210999292	105.6716099909232
12900	47719.59741849694	22911.239942086882	680.8803994356723	270.16529130233374
12940	769234.3050556772	325041.30666263157	4265.532803061513	119.30044010428202
12980	128453.03094376274	57969.43664052255	833.9215280882914	130.7776173126238
13020	100428.96558251005	46041.661487969446	493.0705233712164	97.35659310526724
13060	21385.759066388997	11058.370612132798	43.94742486318783	36.128473011427104
13100	15469.634924839693	7555.823738954961	94.81339765391552	114.07624217438048
13140	360628.59253709536	154003.4170287938	2469.5714321176365	145.78020290738118
13180	65789.36477157232	28291.09714289984	298.3005063285321	95.8542813347703
13220	89630.04323605885	42270.793090163126	825.5577327436987	177.5474210209815
13260	42243.581685132725	19345.181792602212	208.67784893860207	98.06428155215116
13300	2844.3040852256613	920.4934617015111	4.316788412303927	42.63314477911013
13340	38274.72943046131	19581.182568756238	323.81969292896906	150.33899918590777
13380	198049.98113613107	86041.72944595848	566.8607900422026	59.892797862823834
13420	37531.541315956965	17770.925778294502	288.90693835236186	147.79346585883158
13460	176091.0580448186	83964.41096103963	500.5612831435271	54.196260861022616
13500	26017.20347880786	11391.689642308958	301.0053659486731	240.2112859142616
13540	26893.397383917287	13341.494929741557	153.0437441775717	104.28417299391828
13620	20815.114443250608	11949.031372221334	132.20437305441988	100.58203877951124
13660	36486.32017103818	17310.251225190776	216.7212288589181	113.81654512092817
13700	34504.337152713655	12848.317692400602	158.36943989986057	112.05530680171273
13720	30933.000342156327	14053.50947074705	218.51908556016326	141.35523554391074
13740	154462.1465789536	68288.26717748654	603.6668658669843	80.36344786033794
13780	192143.32920864102	90886.7791890678	731.1175265364159	73.12970079714674
13820	792047.6684071154	352889.4724564683	4396.964153766935	113.27173100300445
13900	117649.52953624199	52539.63606556034	473.26997485480484	81.88968632164003
13940	35315.12096377151	12535.952275835416	152.84232352265977	110.8392595803193
13980	131899.0147702531	57718.1189681161	491.4842105331106	77.41136331975596
14010	154441.2866512592	64705.181832058886	626.3587229577253	88.00176504388332
14020	112769.02085780459	50897.03704599726	319.16687263478923	57.007582216042096
14100	62101.86348213573	27570.30318259745	227.73440492298027	75.09212932173658
14140	86038.79071871699	42003.89542250143	620.9290056669324	134.38775346066456
14180	37177.81832088926	17707.924603473544	760.2283249408587	390.2866510407303
14220	40949.531992915174	19002.29914561405	310.9019984281931	148.7389384955044
14260	667923.5177688661	258746.80756481495	2113.056667618182	74.2409394343707
14300	19265.10574571615	7583.599855550583	127.33509076755608	152.64409466478457
14380	41356.37887721939	24432.23615030583	149.3967934725868	55.5885535641242
14420	16579.754424188875	8069.34568317359	109.26871237777266	123.10191801280585
14460	4359405.571926875	1777757.1132270067	17176.414782030795	87.83496020316579
14500	291564.3556793167	124193.76696019917	493.57453706828164	36.12935943486814
14540	160171.72495966684	68191.16746099429	748.8084989821488	99.82744458277017
14580	98765.68670218467	45305.767086743865	292.74579012462436	58.741426001547524
14620	24759.348206420385	12206.824270213767	83.97699446172899	62.54101848932288
14660	82267.57588571373	56968.95605654744	732.0108783141504	116.81176572210752
14700	46574.851765234045	26344.089508030076	343.3595450253422	118.4876937337245
14720	22756.336712913555	23497.976278257494	74.75506937033084	28.921279504358914
14740	237702.99470019143	102393.06598535228	851.1341386259162	75.56745179917075
14780	29169.89421537395	12551.757509933184	95.58788097859426	69.23179765712861
14820	26568.591966827913	15653.789746568165	161.7385088931973	93.9293362599046
14860	848359.3164946578	331305.0493270041	2570.4028562918097	70.53106718726148
15020	28315.0035867593	12558.762602970504	258.4746276894543	187.1019794637742
15060	16416.81172127365	9063.141670512228	47.98984771573604	48.136877777137364
15100	26922.47078010689	11205.912275672961	69.75261136172959	56.58750783901841
15140	16481.004445682993	7464.941869672057	124.11042236411423	151.1433828480783
15180	328841.9077079654	114385.97441870299	733.0086364928462	58.25639822602346
15220	30633.88839710844	14348.044274926297	148.4698239238863	94.07035873133054
15260	92096.64553390938	46896.530353876326	604.4254121499959	117.1680811486023
15340	40341.25284306387	19244.640586678855	241.36045190741854	114.01542764845885
15380	784791.6134521478	364725.86410788127	2004.4890216979675	49.96253148800959
15420	39276.03045639663	14752.825672385688	285.3607229674289	175.84349250928838
15460	37854.194503244835	18009.794605507446	417.757063556492	210.87367013701672
15500	151812.81462757936	66483.96614742986	570.2129468515307	77.969988294494
15540	162911.5351047743	72529.17989200182	666.6878853731731	83.56359422459558
15580	33759.39752228489	16625.563042943922	173.5517455001802	94.89862910720134
15620	42618.12112720863	22769.68538675642	281.063134167624	112.2158412873809
15660	54409.22610458881	21345.03644092173	411.56020147840945	175.2846094890473
15680	86393.96818538809	34111.22288434154	321.84829826558064	85.77510195154257
15700	24700.144975877876	12461.222959909532	171.32682577230304	124.98906431101487
15740	31265.957102714907	15210.922661706229	208.25399274620523	124.46438378395045
15780	24476.94113051404	12726.53851091162	264.9752076320669	189.2789246551638
15820	31584.540761224154	14079.301611885527	204.78683083663574	132.22946091158508
15860	39903.745145554465	15848.961287724616	184.2134649060953	105.6642029960508
15940	352822.7396610148	158733.12422077535	1505.555775579585	86.2256744096502
15980	652883.3107705233	353438.59074565116	1590.3442363529919	40.90576200361952
16020	65748.65848349972	28635.165378052123	336.95081468967174	106.97298877133049
16060	118771.21312654017	56556.44872117585	1205.3477457253941	193.74814061157596
16100	55827.25502489397	23549.235155817812	296.69320486815417	114.53497047782095
16140	14655.777265216917	6803.4063532959035	107.63507083710509	143.82510659526443
16180	53618.25233819207	22975.253733850786	142.72434823701744	56.47354714391261
16220	67890.41324212863	30431.585575123634	256.92656914638474	76.75236235663881
16260	47349.889942850146	17286.71212066784	158.98929576410717	83.61088124392954
16300	227164.96010083103	99967.38325183849	1227.6421252900213	111.64024298872266
16340	41315.598792834055	16644.853769512996	288.0479672984247	157.32297326200845
16380	37795.85631948204	16506.238263925454	287.4448259581959	158.31195089126857
16420	22841.2638715858	9957.82243065027	184.78337357912517	168.6964055061606
16460	32556.562284446787	14849.552368441944	349.67470833750804	214.07116564955228
16500	68951.1068840339	29097.811057870065	423.5883549843892	132.33996259967077
16540	129559.9655773629	54728.99931472368	430.5934618235984	71.52489659216293
16580	197021.6426719384	87126.47402322314	933.8888374691622	97.44338466152078
16620	233677.08929882522	114157.4926302571	2173.197405245524	173.06214066627302
16660	55813.6396798101	25352.509234851077	451.67819621655866	161.96288036475508
16700	701001.8092701127	306679.99295764364	3673.1025901899643	108.88170893368812
16740	2188137.2313199486	899386.9897478096	7729.368737835824	78.12764619319572
16820	161327.85132614544	72151.63215683628	560.6896542210546	70.64536895932034
16860	517783.9267111136	228610.02360536528	2817.4808917994033	112.03998078814215
16940	77694.52514997694	34259.134287032764	191.06091370558374	50.69939545964883
16980	9083430.324932892	3661807.086671133	27582.32469803379	68.47668389153496
17020	214494.0565749296	92308.23799135118	710.4309640458227	69.96627224227382
17060	72494.43253938999	30246.89517817188	502.4574140759157	151.01697699914112
17140	2044151.942856582	875872.9105138705	8793.55684545193	91.27057693888896
17220	81049.74602056983	37184.0220591683	541.2870972619501	132.33618959940233
17260	21076.178438005598	9122.820215268053	324.76449700991384	323.6284886257834
17300	273811.84767763555	116232.23431452778	1664.3907256185416	130.17752663521833
17340	42927.52678043978	23767.864030193632	270.98700361010833	103.64912099412068
17380	26623.450902904962	11473.215132310921	326.46952311576	258.6811736179854
17420	108290.70556339427	45563.69996997901	649.416593936044	129.57216427749032
17460	2039704.8633492412	949546.0823460146	12361.82314962451	118.35150767351655
17500	33807.94747635265	13070.869668259375	89.10334421902589	61.97218873340773
17540	32714.003434151502	15360.10961840483	199.10346712234738	117.83975272710596
17580	47059.96118441978	19804.24724861718	165.48660904809662	75.9647008913255
17660	151813.9378175712	67242.65168842666	630.1651548718141	85.195541688971
17700	29040.805538411114	14314.080260119665	338.77368828845334	215.15603843600056
17740	40435.820289340365	19356.31872653159	344.7387168900158	161.91034977472452
17780	217777.65982491086	90166.2344487218	640.0570205764725	64.53302860693354
17820	378550.4124550486	151825.51426958528	883.8564888691202	52.92298220345243
17860	170562.4471031288	73351.8510268609	723.696141982702	89.6917493438193
17900	779343.6461797003	341935.77732571267	3827.7651874849425	101.76725469597562
17980	273128.00447592937	120964.36577072089	1638.4402507251903	123.13470397109522
18020	70065.31357638967	29627.089395436797	230.50153517725545	70.72812565699282
18060	46557.838505327534	21105.314527390045	342.2924066263209	147.43912710279713
18100	15541.852885886976	6681.089840232453	42.3735898217303	57.65742747614635
18140	1982240.0700589193	836743.3730891645	8713.975894046125	94.67414409352605
18180	119870.14640245648	51163.37365296751	589.039874950848	104.66291746943921
18220	20637.092457497536	9529.550926777285	55.89799145244801	53.32502681010065
18260	101206.94495439582	46710.041450001074	629.7484280905697	122.56434659862926
18300	51803.22713071282	24710.355839998312	203.68730480964308	74.93630536875676
18380	21636.603817551284	10108.585387857196	279.4581622568141	251.32386484472846
18420	34990.91674273228	16263.095842456054	292.4289807840376	163.46489657367775
18460	36867.07228257727	16305.058635268819	188.23011651531291	104.94797447158788
18500	48768.84745836829	23890.69211706895	157.61247202323605	59.9748491058986
18580	384300.78400151205	157906.99990341248	1642.8388123962345	94.58034351641474
18620	37474.57139121586	15434.894885048392	271.36388873556507	159.82904071736132
18660	32560.147898658455	13819.35391266393	155.99255871261454	102.61797903700337
18700	76257.89549386039	33491.67403899072	162.48531436755388	44.104669709956696
18740	32866.455039922694	14833.82431014886	257.26398876810106	157.66423313072082
18780	11448.1937873801	5215.116304859971	53.97429917149018	94.08715325414435
18820	25538.636170327514	11167.476397978926	125.51347679564402	102.17452596896733
18860	19434.272727272728	7656.363636363636	88.0	104.48824507242936
18880	245667.5633812755	135375.30247625054	1039.4442157797837	69.80219211242812
18900	55167.63489495237	26834.420270846436	359.33142515893263	121.73355290166737
18980	62208.14617697992	28179.844759812215	323.6505555869923	104.41071635212136
19000	38916.41535760328	24470.737305366285	243.16183743961798	90.33492252222489
19060	76654.77757358422	35284.266872597436	495.2622805497721	127.60317182984878
19100	6511766.854405911	2493902.9830961465	21974.528636571282	80.1027319445435
19140	137610.56894823277	53678.03796403091	686.8002212796245	116.3164417345714
19180	66044.56670855125	30385.50572163613	634.5721060723129	189.85490584816534
19220	45612.93473762867	19450.12861488658	246.0744402962112	115.01416831850794
19260	93644.93414531575	47872.80782532618	723.6184685588182	137.41307462419047
19300	186222.51860064056	102003.6206947524	659.5718157181572	58.783280189269604
19340	285840.0943579229	127296.7028037467	1409.1758621070371	100.6364609087225
19420	30832.248370528538	13775.332072813238	255.2413582624078	168.4442866377909
19430	775010.6180261169	357650.257304533	3775.989957432189	95.97974761688126
19460	81338.39907848959	34981.556405387615	359.14966947343794	93.33481213289356
19500	97236.27456199822	46179.45661485695	1009.881412342422	198.80571979814482
19540	29586.72944917008	11531.421637356349	102.91218512159008	81.13182820896894
19580	36002.97626530642	15942.4436508712	316.56196252583675	180.5141097553692
19620	47949.20060460011	18416.096583768496	127.8490894544578	63.111335472163624
19660	579721.1194878847	285544.47417304036	1659.9084767896707	52.84667863185358
19700	23387.909090909092	10312.181818181818	69.0	60.828323077736826
19740	2647150.180878569	1076445.273483483	5551.050035185142	46.880312889153274
19760	28870.703324121205	12299.814848282136	161.4415783186488	119.32299226379793
19780	512572.5417840865	216411.68970619419	2091.88398817986	87.87476864622964
19820	4052531.8699927386	1782462.2525581971	23968.586912574345	122.2445212217208
19860	27353.347765966217	12484.0819949358	162.38578132764005	118.24933353567022
19940	29340.250240305035	12847.405171181861	206.93736528177791	146.4302518853175
19980	31768.519832076072	11078.02389426803	180.60539276714277	148.2093938995345
20020	100130.32555148295	45498.147733413214	567.4635966067386	113.38395574648081
20060	31430.019884083067	13080.855212096789	169.14541053540265	117.55237141527536
20100	158239.26232817935	62728.674136927846	468.4520835668928	67.89008956027872
20140	56445.24605019411	25073.833376529583	462.0154626502548	167.51090694729277
20180	49738.690068002375	24160.62836985431	280.5579471490082	105.56541631367723
20220	81126.6312323081	34800.05874335062	352.56901618161703	92.10251333241673
20260	256814.28063134832	130398.903835162	1771.758685600243	123.52018819254197
20300	17384.044127635447	6296.831921646049	92.00160890138596	132.82524817991896
20340	37887.25706091212	17711.786237857217	261.32115508096814	134.12802257599088
20420	52044.868078969776	25877.896883857553	178.9357868983104	62.86016901232567
20460	30970.194335132044	13200.281868851363	164.12192779617473	113.02921712152802
20500	577583.3415995863	248377.64625559776	2080.251189384247	76.13959925156303
20540	34382.64800960643	15226.886610872483	273.90589759514603	163.53005562695594
20580	45854.36100555393	14812.001169248757	75.9871382636656	46.63732861886883
20660	26599.5936334679	13625.92578602211	143.84840172381487	95.9723958195386
20700	92347.83414375603	43075.724699082966	409.31522730454975	86.38386346242177
20740	153843.97413486254	66115.89415275952	683.1385005694485	93.93127151586137
20780	36870.91551167004	22614.680611962103	129.1939754756032	51.9348783338818
20820	27917.440453013405	12116.217514928465	201.20714714305558	150.96756730101396
20900	26815.964144480426	10952.774536738927	120.35365089508538	99.89469749205615
20940	155232.9953689883	48926.93764112035	335.0210745435035	62.2488608331369
20980	35995.78840413275	17393.252508827638	336.1435756934383	175.6917337094499
21020	43288.22552720507	19484.822075343745	155.18619662045376	72.40423341744064
21060	124794.45714513575	53860.7745267801	605.2128046968611	102.15104844839666
21120	14259.979161085603	6673.686006369499	131.24580102739947	178.7833057421148
21140	166980.6130256509	65249.95027743324	398.78632639251725	55.56065904292036
21180	23340.589813023424	11150.061173822507	247.23305269469614	201.57496638602726
21220	42950.70170163965	16747.38331835229	196.00102284350496	106.39438093250776
21260	30954.248910891372	15609.72041875375	170.7061842769237	99.4171811465017
21300	66525.66994135382	30159.94238833938	383.84321846151624	115.69928613473503
21340	791121.0	279356.63636363635	1304.0	42.43516677769017
21380	30763.220783308207	14144.892607545657	237.80761492935844	152.83872903322325
21420	33528.82411075072	14615.35104595236	229.01028718573068	142.44691729556743
21460	39989.36738378107	17948.778353413563	146.45168608251765	74.17657838163218
21500	181365.64049577882	81862.86059980461	641.6733725615982	71.25812918426712
21540	30590.833734937536	16271.788115388033	129.01425162062165	72.07916085175579
21580	15311.288839610956	7191.835656976354	76.43423017286482	96.61742440695198
21640	12412.760242538434	5781.884256982742	42.04392283841694	66.10604144966123
21660	334958.9073579516	145721.92771317938	1072.3934067939758	66.90160584509343
21700	69670.32476138043	31432.455561411312	415.8168923337293	120.26275068725614
21740	14193.0	6683.090909090909	64.0	87.05824740865685
21780	202556.40818649766	90756.24752464867	815.8049700205811	81.71788742537731
21820	86083.36363636363	39439.63636363636	724.0	166.883338404374
21840	14292.734654605896	6406.291397849934	83.60165147539028	118.63572326224711
21860	17110.844422282433	8459.545162149407	122.12725368470397	131.24201591092913
21900	50141.40161126058	23301.338553809284	341.82242284346495	133.360431810739
21980	24527.309697787623	10823.437669735697	89.12876586010466	74.86175211086326
22020	214786.1774779305	97259.54471332351	906.1841649700202	84.70158777368097
22060	58980.45252678194	22274.291414779364	291.1732565360313	118.83788155508567
22100	52803.35788089614	22978.250598166927	375.7730238268541	148.6674707385455
22140	102746.52601880879	39978.38620689655	547.8551724137931	124.57985526536704
22180	475452.9769338721	204407.52881816	3332.829815835805	148.2257187218772
22220	476002.42358530726	193349.23429394065	2467.0731687727157	115.99703500163614
22260	50038.545349112566	29562.324781348478	386.0309872724804	118.71098222228261
22280	37805.30174030164	16569.125026695892	135.42531547369788	74.30321333175294
22300	69177.41275667207	30923.37913613141	387.2666355919136	113.84932295431997
22340	17248.897786198486	7894.449330403415	128.23473157226996	147.66961420994565
22380	72198.30208288961	34753.810025343984	170.56410357068557	44.61619484605438
22420	407915.3961438081	187765.42810734984	3108.079001955541	150.48171507902453
22500	196167.9128939165	86510.6516635212	1667.7789028549464	175.25733650187723
22520	86945.82853701244	41370.59843437444	349.8751842258835	76.8827044648157
22540	87751.06099847393	38554.33464328209	326.6429833314143	77.02069544511357
22580	56938.62880132624	28036.17558235498	298.112085856597	96.66474885145394
22620	20990.58289265362	8504.421888370185	315.14848472496425	336.88194945858424
22660	318244.1137285029	135171.93764997367	707.3605024328781	47.573114167889756
22700	29556.940415054672	13528.971166065428	240.3652779243018	161.5155257113627
22780	19428.92118098537	8584.746857314814	124.61343367723795	131.9607224178697
22800	41066.876458932304	19451.83265832291	376.51738619465556	175.96724119348025
22820	19431.808132762977	7776.402181581393	121.50485725325922	142.0437865224505
22840	43351.24753447124	19402.462015413832	246.32094791823323	115.41222670258375
22860	30192.282170024213	13912.568945194334	181.82001912111963	118.80690555775449
22900	230439.49520182225	100894.38934481343	2088.987504082919	188.22449508823098
23060	358310.0058632501	153921.59266463676	1484.6155766359802	87.68428787994263
23140	23322.379529620095	9679.104971013656	83.90161405182307	78.8029418226038
23180	62532.897828118155	28574.22819047108	249.99122598896332	79.53486945794242
23240	22863.431716016403	11480.224332772086	106.85140776710195	84.61301853426646
23300	35935.93000249015	17443.613003976996	238.7413602300995	124.42238896248078
23340	29101.566159234553	13183.049455368762	114.83615434551703	79.18995093199383
23380	55229.55018164017	24525.263907406246	330.47054067852326	122.49726053405628
23420	881431.612537233	293132.54867751914	3036.212639062319	94.16195235538358
23460	76939.38892834178	35639.19826217157	489.3250933802472	124.81790154471838
23500	55478.076425360545	24110.29395873139	371.26273906111845	139.98650598883532
23540	154111.1163986581	71482.0384930594	821.5161064538538	104.47838922801178
23580	190475.51855118034	70006.96274085305	774.9621139154764	100.63442050162116
23620	32486.33095635515	13847.759812778322	216.573338680463	142.17812556525976
23660	44956.15221570766	20962.837426895152	374.0300412934828	162.20481194523325
23700	33229.00345176671	12070.916984128673	141.21878738625196	106.35539617618423
23780	36228.15499883798	13305.719021071125	177.53347722458574	121.29676716349032
23820	30889.364115360422	14955.371690121332	101.73405027255528	61.84099075843644
23860	59287.291694225925	34030.53610119866	330.7154090930297	88.3472334989646
23900	79345.34894213817	32521.75418372514	255.34041107011973	71.37611492787963
23940	47177.74691162496	20032.315331010454	213.9883855981417	97.11054003686056
23980	47032.79214738298	21193.975924326704	323.7784124214213	138.88097841724428
24020	75804.64470269477	38678.81951953378	373.62664690487713	87.81565526419585
24060	67727.11280322005	31698.550891826533	199.50604775603276	57.21685352197982
24100	39789.3322176672	20494.73559315005	159.79340998070967	70.88002462186054
24140	109544.93081727797	48235.62700192796	614.6621173466954	115.8446106692292
24180	54501.225295393306	25272.447250055968	125.59659649991171	45.179132420812934
24220	83822.53109378587	39309.670680867464	424.6087874373378	98.19669864781471
24260	57239.89229560071	23125.356238870896	277.07891652823537	108.9236946296989
24300	137120.516090009	58314.589230123005	541.2920660066006	84.38432009316907
24330	37579.40250557819	21061.592261384707	329.0617134197197	142.0343763601459
24340	1007380.2105305534	399249.99618085043	4523.846833316288	103.00784144340062
24380	14593.905639142382	5852.446652234962	80.78121261374802	125.48164960111772
24420	77658.73642730498	35153.62567438093	264.92683625387616	68.51144762235283
24460	24174.500558975127	11373.399534790884	188.16572119968956	150.40335655307433
24500	75750.82947354566	34575.03541651354	296.0240077843873	77.83440598325775
24540	248501.83056992703	89425.14806742448	644.060254506059	65.47479483475666
24580	296412.6841321118	129656.74236186157	1192.0987526873043	83.58424861408653
24620	65328.62219174634	30458.56319776366	380.01355593838394	113.42191908128467
24660	544092.9167094347	238929.84831315532	3214.4455995066965	122.30465523289412
24700	23146.838936761113	9982.074620541765	90.95118501257276	82.83137384670015
24740	34615.1077773396	15949.219455308274	693.8178848840594	395.4698431984112
24780	168159.18584844412	75297.36916810684	849.2183540640418	102.52903840361036
24820	46643.37220571996	20699.7466367218	414.84627390004204	182.19207359945332
24860	857150.5700118016	373219.57627069805	4478.739147326523	109.09344798331195
24900	33067.650186839506	14618.173581249896	363.9691057104939	226.34907387867185
24940	65692.19381113959	29352.56935435657	515.0020902381669	159.50348766618103
24980	21357.861082215866	10160.547238479658	272.3598799241769	243.68755444830714
25060	392983.1007519868	177838.26693402298	2032.9134611511079	103.92044290369986
25100	1253.7272727272727	479.1818181818182	6.0	113.83039271485485
25180	250281.80250780008	107336.30964067561	1480.5757451551076	125.39819513516628
25200	16163.545454545454	10635.09090909091	81.0	69.23905424580718
25220	111115.34603386487	47204.92023684344	624.5485087495257	120.2780067717035
25260	145753.63020448716	44106.140099216966	369.62961336891806	76.18597331087618
25300	22151.25240002557	9990.539689952884	148.58573030441727	135.20584556229952
25420	517386.94984726835	225218.2716548966	1702.6698538358125	68.72806872779456
25460	38023.29002246926	17415.147364181805	287.6868220758236	150.17586078673554
25500	122128.48312082644	49932.93112676285	762.4725939069983	138.8175874939377
25540	1080381.80044361	458313.69810216775	4307.557528232259	85.44281799818917
25580	27087.697989529428	11834.516822981937	130.54678900202316	100.28199787783551
25620	159233.3463794736	68727.14983810253	980.2316634194519	129.66050478113155
25700	26231.17294356901	11943.21410926161	134.19958320521962	102.14973957558638
25720	56872.75831141975	31059.852832753564	174.07557575798228	50.9501845576897
25740	65222.51901413631	29449.86649416778	163.16315294421835	50.36699880102127
25760	15576.144303744046	8085.137908540439	397.61914945317744	447.0819893702933
25780	42066.054732492936	18804.88838105915	245.65219885034298	118.75645111404855
25820	18644.856378606884	6951.289109384015	77.99160332917067	101.99756686318608
25840	68680.37001126264	26798.958866976085	312.09584866794336	105.87109006636344
25860	337980.3867470647	150822.84770817254	1457.0047526967687	87.82155988340406
25880	30329.723391180134	13922.629569305047	137.85031260390687	90.01063008947598
25900	164583.54545454544	72389.72727272728	415.0	52.116887504128535
25940	181135.16810760883	96449.17907892712	696.4011667976216	65.63995420820973
25980	62408.26001169195	27171.185287618948	297.90575365055525	99.67302108568718
26020	53600.818181818184	19976.090909090908	225.0	102.39513600349508
26090	107734.70338800634	45836.21195126007	585.741205854553	116.17277751672546
26140	124033.08097472173	68335.42875589461	413.55928060729036	55.01728594010371
26220	19107.380378037804	7966.606300630063	60.263366336633666	68.7681509798168
26260	23493.958147292436	11095.71607880616	190.17012049367244	155.80961741778958
26300	96956.72141870741	50508.42187257145	834.3785348950564	150.17811143008694
26340	22985.31803881411	11207.349053921022	91.68861691181715	74.37377715338476
26380	177224.65178031885	71725.1646687491	664.1344389272056	84.17667406290025
26420	6139989.176118514	2327486.67348119	17285.56528308634	67.51553268336346
26460	33572.81405948767	17322.342436382678	181.2380246274228	95.11521965085375
26500	28098.912689608886	12725.941604857238	134.04955634654513	95.75969843818943
26540	34884.74173775981	14965.422748560679	170.3952435964648	103.50844711070745
26580	327531.0481046857	150238.8539627739	2374.0122454613893	143.65078629754464
26620	340109.4913921723	149626.20313806756	1357.091815563498	82.45346112218311
26660	66190.33653155313	24298.71856381636	346.1900374020124	129.52049919565042
26700	12613.389791200014	5832.132822512622	72.94019125338777	113.6964242649732
26740	52865.39375130956	23565.6584504531	386.86621404270284	149.2411336437225
26780	30247.62911139231	13212.701395649794	161.55188261336656	111.15467112477681
26820	128174.9082797796	46833.32299156374	392.775361234237	76.24240335823762
26860	44993.90509860563	20581.95217652197	155.58674025060762	68.72161101329388
26900	1533923.5985778642	648626.3013241597	3993.703453086121	55.97428743474749
26940	19848.064547266466	7894.073025368721	397.71420584658284	458.01244527320677
26980	118345.4441533479	50399.25292055145	487.56909956743834	87.94666791373318
27020	20787.178092153295	11897.83158348119	88.61652135887829	67.71021542653693
27060	83029.5922068404	35074.47811948626	323.3688629572223	83.81356170033888
27100	144649.20575679158	63284.47619210368	906.5162586834462	130.2224082902422
27140	487869.57051852235	202778.44445134277	2223.3408251315163	99.67622236212287
27160	31992.070450406136	14396.663318498557	277.9517950551686	175.51528743849647
27180	168029.26156082124	73868.695662539	1345.9611219086432	165.64540756301352
27220	21236.019780600836	11471.173131382286	78.02139119621637	61.83198234281976
27260	991929.8440330178	435033.0369072758	2930.737343580194	61.24377805701853
27300	32236.17444929805	14342.091081944876	226.67823325461788	143.6827586459709
27340	156040.7148230079	72117.53287817331	652.424646169643	82.24259636025123
27380	28149.84345767712	11640.661465482992	132.25523432793233	103.28625358938962
27420	17628.440082363064	8708.313913514769	118.59714982334177	123.80765303047853
27460	75783.75516770575	36710.29370082458	406.3362810692696	100.62480626396736
27500	148307.52253514554	63219.608151662724	679.6655247722546	97.73514386718135
27530	43756.16975149948	20674.357744536974	338.8627393146739	149.0044041740615
27540	39217.950691407685	17147.371729082253	183.52077113233247	97.29599806995382
27600	66005.74135168504	24879.134063791695	280.56514341799215	102.51933231884018
27620	120975.46813193664	50989.8085554464	553.1839152691747	98.62646726348741
27660	18570.85570465004	8012.03020031225	58.414948620784756	66.28095179184214
27700	19400.6625510055	8121.796035109441	119.99310139496517	134.31097895124205
27740	175675.6336920501	84294.97447623474	888.1702379223793	95.7859580642002
27780	93670.58946353417	46514.00452754485	445.47969440226643	87.0665823076732
27860	121820.48722646701	52252.32600777722	1503.7264559116827	261.6197507887658
27900	140165.67377678351	60817.279950834694	1012.8513969529671	151.40006228070922
27940	30350.81818181818	12620.818181818182	137.0	98.68255191638636
27980	134370.9090909091	59402.454545454544	306.0	46.830020798038646
28020	244923.73657541687	105419.63063478326	1367.2239680462667	117.90317159695634
28060	87868.52712057102	41386.22663198579	285.7096997783599	62.759065477803205
28100	102061.67004309686	41523.87359010188	656.2033270930197	143.663976310166
28140	1875708.7218153449	807279.6342749703	9689.657283901666	109.11682860565172
28180	37608.09090909091	15562.272727272728	77.0	44.98057656920875
28260	29102.04044089555	12267.795737416016	134.02744946855896	99.31950163540313
28300	48814.699169692416	21601.00845975782	244.6793618159481	102.97472170497802
28340	31663.384104690176	13137.616313857374	164.36096403536604	113.73376619041917
28380	20878.440911001402	9724.60824690925	308.868519652496	288.74125948435363
28420	269015.2907006664	97763.96152362578	1176.640138744023	109.4138204644212
28500	37516.67759113036	17400.451507562164	117.87316444947592	61.583127414955946
28540	13783.363636363636	6351.454545454545	105.0	150.28769358486244
28580	59452.72727272727	38845.818181818184	180.0	42.124576413981615
28620	24685.363636363636	24503.18181818182	195.0	72.34681952251098
28660	370323.4188865913	151557.84441723677	1705.527241071382	102.30280827935526
28700	276247.50815912685	132034.34645743517	1358.320267663752	93.52389284292252
28740	112024.4318885193	51037.66219606366	485.9896034670125	86.565236614351
28780	30106.636363636364	12498.454545454546	78.0	56.734287148229235
28820	54313.44310453628	25666.299166938603	223.97898166504737	79.33253436140821
28860	22610.93778695191	10088.584133764043	170.72583753370512	153.84250633286422
28900	30246.16932716413	15739.014123318404	321.63748033832235	185.77892306816602
28940	793653.610846501	358079.58320446446	3559.240035019066	90.36183325930268
29020	68388.11396277057	32617.61852515987	276.2004071762279	76.98026116083089
29060	51535.05099692365	31225.283282875815	366.4339339237901	106.68334217970826
29100	122826.7585829131	52853.04495795415	412.55083155891504	70.96018986350978
29180	399207.6794412357	169322.57635446664	1836.6072100857286	98.60722380956786
29200	173048.1937897211	70495.78653676534	347.540348592021	44.81768159044769
29260	20104.718161921246	9055.748897501651	109.5752999065732	110.0007411131482
29300	90596.63828507777	39305.33074868991	650.1075321938195	150.36302613192632
29340	179810.80190089054	79275.3780838744	1082.9676522488967	124.18938531675826
29380	68081.78392126052	28357.451799633374	237.35563906082407	76.0921168856392
29420	164694.54545454544	89960.36363636363	541.0	54.67054177395297
29460	641716.9728476485	281384.0964692938	2220.2947182187386	71.73290065650464
29500	12563.063829787234	4901.073676806752	66.62282398452611	123.57741918656035
29540	456023.9721624363	179155.4868200281	1271.4970167468023	64.51973084262293
29620	499792.68454169197	220020.80253390427	2285.0523992650283	94.41472529162789
29660	27293.80944149684	13172.433663923208	73.68993606929264	50.8568520299779
29700	264762.54545454547	79320.27272727272	397.0	45.50023323167413
29740	177911.09738063085	71601.93343940953	357.4188851301662	45.37953706015477
29780	21024.0351395735	10451.879098992558	94.17940207368923	81.91602432242158
29820	1963933.7272727273	818510.3636363636	5526.0	61.37535438547233
29860	76645.70099749755	33614.020522648956	740.9058050177154	200.3779141446206
29900	24668.18666463884	10476.370919701907	259.90159134373505	225.53055419650315
29940	112931.96065450166	48790.81701471051	535.9215880422785	99.85515174462166
29980	36865.212772442435	15817.5875769976	275.90977409961226	158.57479286414318
30020	90650.20637863473	40318.47126137451	497.6997411103735	112.2201055608463
30060	17745.59612329242	7844.4813621125595	92.29651291513716	106.96171863852395
30100	128461.47672817018	68912.45049074512	812.5263175796557	107.18821975543872
30140	117670.18001758216	48484.33513655858	525.0809186060386	98.453714647707
30220	12390.71979588463	4989.727695408518	64.26125572582785	117.07918137671706
30260	25251.175367508607	10111.166144472583	81.89989038423604	73.63586429103685
30280	31039.09610580624	13042.71752083524	205.19650761507626	143.0240893832709
30300	56507.19389757171	24920.646104461168	241.5970553108588	88.13322324212034
30340	79043.40834093391	36268.36906496833	497.8438537394415	124.78788907507378
30380	35996.903410010586	17064.364082267042	183.5885612298349	97.80539797586746
30420	11334.065905848145	4795.424186970169	65.96812285422588	125.05884451164621
30460	469988.7261214938	206178.3336047379	1745.694313325218	76.97194960058519
30580	22139.376097510623	7942.954320810409	128.8573474420209	147.4804441745272
30620	99895.06955861546	43375.678419818585	926.5250282580519	194.18612248142801
30660	23214.188492254198	9195.478520012846	151.94917309065193	150.22123275037532
30700	189485.15494181827	80193.1678696542	402.4081491974649	45.61804950443231
30780	635373.74753025	278905.5577361808	4298.940709369136	140.12370170497064
30820	29977.697084590724	14037.26067289823	148.73515277529341	96.32490156097498
30860	93611.63287203324	31595.73072789243	285.0544480081835	82.01753886052713
30900	30530.768542067384	12960.806885479704	100.15824731050073	70.25253358451315
30940	122070.21452607961	52612.97641160444	651.4672245909807	112.56594320250613
30980	243755.8707177413	100252.6929294723	1685.126869323964	152.80721871929708
31020	101319.16603489741	42210.920504854104	517.4831463808586	111.44964818488141
31060	6670.1281614684995	3045.910087628224	8.010050251256281	23.907021728434035
31080	8836810.408396935	3188138.033049475	13646.78419070926	38.913520423181765
31140	1053543.8519687557	460438.12072203844	4702.274898355983	92.8419079514585
31180	240415.0748287554	102281.18923781198	961.3151509757919	85.44316614187056
31220	25983.613513697706	14804.466985671426	149.76387945067742	91.96479782120498
31260	69227.05168318727	28722.25623493947	300.04191559447435	94.96655679902695
31300	114640.7673902608	45518.41192502289	746.2915190052146	149.04888083020373
31340	225871.78975912466	100889.22281334597	964.0236401544744	86.86607974318018
31380	25926.72350976674	11932.726831133465	160.8107903846692	122.5131771566249
31420	220370.51114845191	98077.30602952643	1511.6131024104081	140.1133233666005
31460	144675.62117983095	45280.208907115164	485.6068821010961	97.49531032766897
31500	26519.67041815092	11922.019199661025	89.99343256123502	68.62278113226887
31540	565539.5929125092	251285.57785743542	1818.2611930835224	65.7803259175827
31580	40559.07634187093	18966.003215241737	356.0502394452369	170.66433670072576
31620	20694.40413413045	9890.478847107674	250.4835811334109	230.23389464253307
31660	20363.279429702343	9176.8606651956	122.02673909947677	120.88382207008047
31680	29394.46121155274	12495.53275042159	292.7578366339234	212.99090896307865
31700	293687.67158851394	120849.53741104882	1355.2983194232138	101.95234567618506
31740	103420.48638670729	45747.45611464466	604.0639685522243	120.03925659691721
31820	71876.30624042671	33627.92174249446	359.10868868250395	97.08076721383657
31860	86960.40092175751	35684.410313999826	412.2712535867439	105.0296321046903
31900	114962.86970443535	51632.53262334236	755.6380153312632	133.04473272933944
31930	47381.8256080596	22201.80213699528	203.8410284074188	83.46620904081503
31940	50443.49885008202	34454.058050275395	398.5285549536291	105.15414056388202
31980	53965.108061814324	24575.302722911943	280.4864099546343	103.75768237254506
32000	38852.46494252253	18134.68438516	177.47833628674033	88.9698098142177
32020	61502.069979066706	25928.577959746937	440.1503752597059	154.32265718650163
32100	61756.6191617453	30184.679679617446	213.26337880263182	64.22986792283251
32140	20677.48428198443	9054.957213781956	114.66059128876206	115.11584065019075
32180	8836.184475072596	3597.7091666052224	63.21844615704739	159.74419283717282
32260	31361.549259050298	12836.292007474009	206.95326426981774	146.56828548683256
32280	32117.804516008615	14570.87931012826	259.98286522979737	162.20576278847466
32300	58459.89943435362	29797.41043950226	370.9321929518556	113.16791611349156
32340	16054.369434434653	6536.733546847205	74.80713814737769	104.03741981756266
32380	41672.74509136147	21367.329229617597	255.10242363884652	108.53546165033917
32460	32019.850795777467	14462.542615160577	253.33399236222533	159.24145259132072
32500	15201.926088269278	7224.094489364385	108.33696246056826	136.3328619751916
32540	34092.686105470275	15959.457130254827	212.71794261602224	121.16950235490859
32580	533287.2755501635	179214.84746263278	792.0099266704178	40.17574628664403
32620	39241.645025887505	18147.77239881196	404.85746082937794	202.80849298160183
32660	38624.22371271644	17215.523145228537	194.4508473204196	102.68261735224263
32700	22558.4412367037	10131.600728298847	163.0484676557932	146.30055374475134
32740	67060.88841916363	34001.7876655883	320.9276112223354	85.80501022708178
32780	203214.62720905867	88367.28341652815	774.0731637461239	79.63387001678721
32820	1279448.6965746733	538708.529711102	8106.328649420609	136.79734540760865
32860	39670.15245149838	16224.848203484975	240.71672052880143	134.87545741839767
32900	254996.31959659755	81002.25814768892	867.2964844457699	97.33695918187804
32940	87595.4346745014	40395.00834583991	816.0717647695203	183.65720243604028
33020	2881.727592064209	1231.8008705473487	7.905681804998147	58.34533511813237
33060	22613.837104228776	10247.321132311097	163.0714330477656	144.66879236243489
33100	5365174.589085101	2256673.1097402293	11048.315098259265	44.50765497779832
33140	92715.2799599281	42579.50163879211	462.076988075295	98.65544992115497
33180	18687.964123343023	9035.142658071032	134.82978106868393	135.66197334445508
33220	80492.18947373636	34725.280615709475	371.9991283204579	97.38755735004199
33260	145303.38030264663	55125.57254281419	627.6238865105305	103.50317343405138
33300	47721.55827496943	22579.749992098445	323.7948345414945	130.36412741295882
33340	1493295.959343938	645572.8248500518	6243.882263231712	87.92589130833309
33380	28588.06248023407	13653.766259953032	192.18524599703517	127.96019550279432
33420	24260.713681302706	11125.975447924142	193.9826419093949	158.50102951123324
33460	3381592.3889179425	1376830.9178184143	13916.618029678455	91.8883413521651
33500	56435.02295189016	27206.641823722803	274.448430886624	91.70502377685752
33540	103774.1828106838	47398.654965917376	314.2335670332297	60.26898428373767
33580	19578.822482960953	9036.80141925615	67.48915152549425	67.8932414995304
33620	18548.612072476335	7739.147162476823	121.55117266823154	142.78196775710893
33660	298151.99874484487	130571.50779989241	1243.9497041420118	86.60873926147313
33700	425581.6841747521	142113.46035943573	1750.1831794953425	111.95812231289447
33740	194286.65716999723	86034.09603215464	1688.7418132582713	178.44318718255775
33780	139260.14723027992	58888.26791636969	602.9756146497663	93.08469565789844
33860	263356.45636117226	116191.86007202459	1280.1695375943686	100.16110319610574
33940	34210.33815277494	15567.19065808158	155.10368328203575	90.57726055729495
33980	57400.02420631727	39462.55193502661	320.65773278575034	73.86927999111191
34020	31565.65944931981	14004.912170718068	166.30500659098564	107.95238683772271
34060	127104.75647181454	56048.89116089905	596.7055892393048	96.7832931830805
34100	115608.28427221927	50984.9343430511	438.59663052288136	78.20431951200486
34140	29991.90083249785	13550.22985186755	126.96180773483965	85.17923789874526
34180	78283.39525263486	30411.71827427554	442.43245050108146	132.25537439545684
34220	40709.06511484334	16648.20063320082	400.6129749397885	218.75854430498006
34260	38007.53802654889	20155.816261125117	298.6612343464282	134.70564006175928
34300	22537.58556030915	10516.391122065663	107.15917235065866	92.63389719814325
34340	60100.64677706144	28119.73477289834	297.3090339838413	96.11788381653076
34350	24256.671438126647	11750.143444984707	426.35919464993816	329.86769027829905
34380	63947.361239121325	26633.914228183054	225.64427282437455	77.01877964899555
34420	41876.479686983796	16657.49195711695	360.6804217423177	196.84313421080407
34460	28773.556714980004	13360.946384282928	218.9658511453044	148.98635093073375
34500	31894.07551770174	14544.768350284354	423.87082147675005	264.93176182202706
34540	56914.90215802745	23886.901707191744	264.59741664312054	100.70083972706222
34580	113467.30870501463	49225.59977404436	465.4292788168708	85.95477315448706
34620	98532.78693861148	46794.611190318705	429.965284815036	83.53045825304368
34660	34579.60267422242	16547.401994094584	233.06841002882263	128.04449473644908
34700	37632.86219339743	15892.972792393142	216.56915541660794	123.87931002623229
34740	168368.33339703095	71984.89218677733	1076.319636079046	135.9274657099825
34780	44756.837669258464	20495.85114164676	417.3751754469226	185.12623606444419
34820	418785.2921209778	267515.087702174	2036.0871941572013	69.19192387329734
34860	57108.27714258241	25579.45601348499	398.79207101723483	141.73024093560917
34900	118710.70894523528	46615.15042901333	302.1324981742347	58.9220253293809
34940	294197.0167112457	174213.98637144433	529.9952241245185	27.656438506947193
34980	1764932.5205707236	731394.7763276062	7389.184718414295	91.84425252300449
35020	43684.72887277811	20364.871036253662	306.37482636187	136.76618375046635
35060	33209.05763807209	15740.243182689503	255.27248960624297	147.4347612985141
35100	94011.69638523854	43501.269764571865	398.62191080253086	83.30413278422485
35140	31289.499160722495	14514.642295578646	198.58446403118427	124.37876680738628
35220	38852.591727502826	16794.901269356003	124.38105740813296	67.32620021956457
35260	55962.78262989803	26521.885804477028	257.17876213773656	88.15318653970043
35300	755558.7145516725	321490.87576107366	3214.9550161484235	90.9103989778185
35380	1105188.7554064973	490798.5279802251	4944.227436701443	91.58039315399556
35420	72835.6364450431	31675.638383699443	324.9233613127852	93.25301367019058
35440	35261.088478980266	22654.708845525794	204.17897307139253	81.93318639068676
35460	31944.134297493307	15670.833402935403	239.7043444300539	139.0564463215718
35580	24314.989973982752	11015.99676804349	137.26171550227954	113.27470437476113
35620	15906873.10657438	6330013.989509622	34372.018335303095	49.363697216964255
35660	142791.66047108252	69662.16970796307	915.0056020890111	119.40817779772486
35700	18990.670252276435	6813.907421900178	22.90304285286764	30.55654671964299
35740	36272.063242291384	15848.618177957665	168.75864102545356	96.80146537958053
35820	30065.142679980203	14150.698044927743	129.5692620429559	83.23987823561143
35840	623778.4403697647	331843.4013164545	1524.5528000142685	41.76539552764461
35860	19755.72883682097	8547.654928788339	126.15506509355603	134.1729676359091
35900	50203.183414596344	24039.90895738412	295.8597713556796	111.88204954601055
35940	51007.503513817705	21868.972695884513	256.21280994492054	106.50739728501154
35980	210621.88724602273	95131.19954364114	1000.6419828722974	95.62315352352898
36020	76897.5445197729	39276.12028062856	302.98874337049466	70.13022421434214
36100	344367.66656636423	165356.49559508284	1281.7475638642177	70.46744997013771
36140	71854.68733087332	71744.43893548026	354.82337023370235	44.96051610390887
36220	149465.37491698048	56862.839032223565	670.5575625428803	107.20495045708826
36260	579227.9601145311	195010.96864112144	1405.1379359803682	65.50391152455181
36300	46020.13605355903	19244.151999556387	191.91783314525043	90.6617020114968
36340	38701.94310420495	19408.421651080705	157.83277539819576	73.9289076930671
36380	28284.51341442	13727.761963611212	53.39963955936216	35.362739389587425
36420	1268358.7328518287	532051.6658349271	5843.450865249174	99.84421439562955
36460	35925.45284824687	18064.572515214662	236.50942274607456	119.02222759586853
36500	259968.1728172485	108987.27390815788	979.9419033813842	81.73947690002515
36540	673475.6297947273	279680.6212011205	3016.9942753777004	98.06621770025565
36580	32315.79469250953	15333.633668138582	137.80340055480426	81.70002061970055
36620	49458.067521689954	18784.551892097432	280.14035128630974	135.5757901954838
36660	66454.67858851065	28276.764132130564	426.8540019850018	137.23249622919272
36700	78710.2750776203	38273.39690201285	852.7736372384852	202.555514764127
36740	2075910.4684377417	881764.4034208198	4838.575790864637	49.88526694157245
36780	164037.08886713523	71219.6143606807	625.8645842120047	79.88920031883995
36820	18594.388010054743	8259.22955715921	147.58275519534024	162.44389401960132
36830	7164.693614701427	2159.4798312736366	13.930104785442207	58.64250936606504
36837	125745.93892532904	57528.571424148424	761.4699103475795	120.330708012797
36840	22537.860449638025	9801.652764817803	238.13653020034363	220.86862279456528
36900	31978.22728883461	14516.66306279716	287.62521386855656	180.12229533889183
36940	35333.6237650895	14921.731348843277	179.4243857780358	109.31243443990631
36980	108958.45982582904	46925.74695814924	614.8389110031152	119.11253432934834
37060	47620.16352843705	24434.202007609023	306.80014293261394	114.14705532882806
37100	790838.663283313	269648.55959557387	1850.9358679781808	62.4022977691024
37120	30733.805123669164	14742.53162803943	180.35223263377065	111.21331075171234
37140	82366.14852599618	40035.13451832305	458.3541207264369	104.07997108291332
37220	21311.545454545456	10111.636363636364	193.0	173.51745963246665
37260	52826.417645035595	25461.653120583494	261.76429860688916	93.46115236944507
37300	29295.545628984586	10779.318478007977	152.06466461117208	128.24614512876101
37340	414280.7597272833	199327.74471897102	913.9986529775628	41.685509837816234
37420	20923.278758635977	9311.423773140426	164.31387180165223	160.42256343578657
37460	174913.49941005165	102336.63404180414	925.0461528814109	82.17497633647834
37500	43014.65991604574	18106.13510807823	533.3356036821979	267.78246484291236
37540	27756.23022669948	14930.451267681743	253.83838645744277	154.5580675155284
37580	39575.33023479527	17994.61320234485	438.16094506558545	221.3596521351731
37620	79462.67646108488	38036.22377668159	544.9133239256727	130.23788900070383
37660	17743.780861233012	8678.279833989327	161.2484856146884	168.9154246937939
37740	38588.396690849506	24974.740814134697	141.8748246053006	51.64302374043063
37770	13276.782648373295	4057.0880222572555	53.555996295351974	120.00545487874969
37780	2419.090909090909	844.5454545454545	11.0	118.40688912809475
37800	25948.753963818228	10961.335057910142	109.22914656075363	90.59044689495312
37860	430368.4337099442	190172.41566693742	2074.0845073701025	99.14852076332264
37900	356179.94331538916	159523.63811847364	2382.028599091034	135.7466874608246
37940	22380.71511549245	9679.64241263614	107.64663874886894	101.09937589537331
37980	4816916.371155968	1983478.3455520757	18701.252058249494	85.71375771707869
38060	2241020.6723827603	923865.7008487086	4832.7763076824285	47.55488815038811
38100	56234.60608728206	25189.42168177571	287.6086237328848	103.79848672781513
38180	17313.72932223324	7876.029251566461	61.628943699484736	71.13522647587169
38220	86634.26935493706	39169.46822177377	1644.335776790979	381.6367119691072
38240	93056.77968147252	44599.513671765984	600.3705347953071	122.37608671817823
38260	35210.86344332464	16163.124765992463	318.40676945596346	179.08709095313822
38300	1557829.523718627	738629.505809194	4491.4364945309	55.27973163574043
38340	109153.18722133721	56342.57268260263	689.1788288977583	111.19943202066969
38380	23115.81818181818	8791.727272727272	122.0	126.151650828775
38420	40579.19626366109	17010.675474508054	292.2546444836941	156.18782501487084
38460	45442.913636463	20546.22038840611	198.76272534049832	87.94483036653426
38500	36103.90939442822	15184.684883297128	100.26147662974131	60.025478063353326
38540	77137.58013747104	30727.57282758369	301.9671309359056	89.33851531926642
38580	44560.66563666486	21026.899589955327	379.83097742035005	164.2186415009595
38620	37754.84220943081	17879.58956270145	272.6232779012725	138.6157901877279
38700	30754.305920998493	13007.54669532845	233.08613781913905	162.9027316908198
38740	43012.03172762256	20430.19935339273	702.3332700356756	312.5200982610547
38780	16500.066372532692	7092.161504659393	84.3501118648617	108.1220722719987
38820	52087.837568513474	25414.853459163427	205.711742773406	73.58321996585168
38860	411831.4915596308	203993.0756359991	1906.03492235148	84.94205084742315
38900	2153944.1079645883	875908.5157482121	5931.36505940181	61.560653390789355
38920	6983.797351320338	3212.9960407332705	30.02430469059553	84.95131055239865
38940	262062.5978001969	124117.40434009292	682.587569892722	49.99574054478365
39020	72053.87321273895	32216.930802839805	676.1538781407095	190.79574883343605
39060	91844.64024031676	44149.109368444624	706.006508303417	145.37645439262081
39100	534195.5867366823	207049.76656910448	1713.5985950505337	75.23876652483261
39150	159406.32004913272	78734.88921415602	537.9473434267866	62.11262178177678
39220	16800.31177547285	7451.308953630261	107.93624161073825	131.68673667994443
39260	20819.392118716012	9726.60462481244	74.71348823507108	69.8304861366599
39300	1122345.470548909	484430.5781070914	4245.724953452445	79.67601823910421
39340	523601.0986251671	150067.67307702146	824.1168506229573	49.923952412152055
39380	159172.953472116	68060.88635154327	655.6969793629224	87.58160450311061
39420	32911.76361844635	13352.170105891537	91.51981355661812	62.31184133080002
39460	153682.4442100033	90234.16597292559	423.38552759627987	42.65523264147227
39500	59180.69923273965	27045.96906952608	495.8547897497065	166.6707080940033
39540	190500.91651530328	80670.48607599866	860.5640610241013	96.97858567882442
39580	1138907.4043421026	456199.25352855976	3842.202494720856	76.56547729573329
39660	114156.06016875088	49811.470423367224	541.7415458611412	98.87126604240628
39700	5795.705150781421	1734.9994497028397	8.986682808716708	47.08769011821401
39740	276006.3016467954	110410.55290665812	875.2737430064965	72.06769477967129
39780	60011.36204471753	24982.957422240757	341.9734671512192	124.43881838453228
39820	143986.62628587472	62191.97628012342	660.303733933116	96.51986601191618
39860	42784.435666223035	18690.626125376595	299.1313675226588	145.4941129390878
39900	427992.86301744916	184175.17551595994	1338.9875201566247	66.09258704656887
39940	48356.38189365382	16368.836414806581	166.68458618665923	92.57312990849054
39980	54637.1602922176	25725.620767279248	178.4598202093347	63.06405651312975
40060	1145328.5745575707	477579.530671048	5939.177327412414	113.05451278958643
40080	98118.35342220638	41745.60676299328	488.4970346428329	106.37962836016135
40100	50569.934496969334	15860.087456828345	72.89799492935742	41.7847030551537
40140	3534142.0797869074	1196781.9790818114	6896.0719535234	52.383445196882874
40180	31556.312831803774	13508.215934812131	175.1283386147578	117.85981311460651
40220	266952.8831159493	123549.33901076067	1093.3206130253882	80.44784682632037
40260	52535.896339262676	26630.17535644618	375.69855658156246	128.25456001520462
40300	44544.1409979337	19349.641548832824	285.5219344341907	134.1448079464968
40340	185898.62117496008	79063.4056950537	711.632728767539	81.8253196465327
40380	769292.907874282	338536.11202922434	4134.942765649964	111.03804717704983
40420	332320.1082213219	141844.49758734016	1867.7586981658799	119.70590905950084
40460	36536.31087272036	17307.461439990126	213.33659767346006	112.05708138872963
40530	21657.634767690997	13844.345968361728	131.60534712437556	86.41883475892433
40540	38128.90909090909	16416.727272727272	107.0	59.25220396048376
40580	131740.0526686946	59918.273365707275	779.6550046158077	118.29067112756832
40620	41223.15808865076	18320.52890631687	166.83047938582106	82.7836755939043
40660	93484.99057997037	39702.960642475686	752.5829633055733	172.32123730990673
40700	79504.37589039688	35877.94933000201	301.38994072489635	76.3674792793504
40740	61730.78912160701	25608.23148904811	305.85715484407604	108.57913365398728
40760	13897.454545454546	13853.727272727272	94.0	61.68343274865313
40780	78955.08777029534	32941.86473836608	647.6196570013542	178.7224698433103
40820	40243.244118887415	17541.991764831382	222.00231362280243	115.04981179859682
40860	39367.63661226059	21452.573686359214	244.38850373867535	103.56396872624603
40900	2004547.9700337434	783630.058245723	5359.143292855882	62.17153613220773
40940	3744.2727272727275	1356.6363636363637	10.0	67.01065469409635
40980	185341.08268303046	83496.18610919162	1741.062790867172	189.56367099976475
41060	175421.5612925054	72653.07339212323	844.146185818622	105.62603722620685
41100	94196.47369351349	38247.287879332165	263.01070423589283	62.514403888923006
41140	77206.94332630275	33251.19589733915	466.5169150705258	127.54617540287892
41180	2485597.911783805	1098410.027826127	10775.795499552245	89.18507186476965
41220	46577.64670635835	19291.675134535806	174.72465374374835	82.33634104077531
41260	14245.599518948766	7516.947574067445	62.62698188079401	75.74034450904644
41400	96414.24648647149	42938.12595727144	630.7052047627973	133.5336266274754
41420	380962.842230763	143988.24585976326	1292.0011573550955	81.57238805661922
41460	54595.50610874361	24068.590722693087	394.81735724268725	149.1258355572153
41500	333868.42767855263	113185.7940839847	670.084198770299	53.82013337959513
41540	339817.7581023446	214356.52153695544	1631.2007794710962	69.17959803072854
41620	1137527.8586034635	398840.7059542555	2523.6478224374537	57.52234561003137
41660	110025.04927169015	46819.60673840276	481.09129517013787	93.4129424293545
41700	2224342.093683776	835657.7432771508	5897.828404301293	64.16098251781796
41740	2741997.012734118	1010941.1980930485	3416.308391679578	30.72122203927664
41760	36016.737121256156	19812.341569733377	282.15189069864556	129.4656252084808
41780	64311.28449591438	31904.64398462155	457.3270956070613	130.31078024181252
41820	60721.889505394975	24700.24032545375	311.9026178043464	114.79557714075754
41860	3158268.1437979774	1251362.9109436015	6426.496395792926	46.68725115334788
41940	1286858.3632529466	449540.06026728527	2094.7948976780694	42.36238694181938
42020	199752.45853348818	84598.23780733022	389.7819310778955	41.88588548118798
42100	221589.23988272343	85944.8898688352	410.33190280669845	43.403278905917766
42140	135670.65525000778	66657.48692618443	290.5374853084721	39.62420409526598
42200	375615.97657582676	130003.15645419358	667.5655074619954	46.68176916690418
42220	402471.0338899424	164236.601201903	934.8708760451191	51.74745509630191
42300	24531.376257968124	12716.49160845619	150.38645405895775	107.50996614860634
42340	340606.4736469246	143171.43009134705	1643.6936084769625	104.36907110893966
42380	38234.73881613166	18732.437402775853	224.08039354225832	108.74689945292104
42420	31773.260433631098	14259.644749712083	191.23402412218462	121.91686110683779
42460	18626.96522112491	8948.891781605304	134.55491664308624	136.6902790635511
42500	10015.499489831333	4373.080084856797	38.574874889796966	80.19077492559106
42540	440569.0242504183	206410.68671632122	1709.032994089449	75.27063559448371
42620	74230.53492963657	31479.53845977851	652.675327050819	188.4847222801405
42660	3380117.506652586	1401895.0152020792	9431.258238348135	61.15915266690018
42680	57458.584379704116	28940.77458529011	101.9949218747004	32.038761083076295
42700	86417.99797520394	45865.12833418209	336.47716307278904	66.69300646831533
42740	37594.2845635773	16430.84342123744	344.90720444629335	190.8313505299478
42780	20873.044403849144	8441.129009012378	96.92241141260924	104.38329162875944
42820	17898.73244888426	9105.519881104037	252.6984649808384	252.29298299819158
42860	66632.80232196952	34425.990790618205	366.72874824473007	96.84246218482937
42900	19932.820693515594	9286.36092185941	122.72003872761383	120.13712638278506
42940	91572.9745466584	54901.05179759902	522.1486635207859	86.46111279446811
42980	36001.422771779464	15451.13127166145	193.4636076252789	113.82726859271575
43020	33735.91977341134	17059.389686955095	212.65337742949683	113.32249028607488
43060	58515.56232112411	24438.366069086278	491.4837698845182	182.8286825332956
43100	99756.33343619634	44406.79385223163	570.3217561168161	116.75563101174092
43140	90999.14629742807	40778.063492415036	398.1042991752237	88.75188477685344
43180	45041.190258026036	17987.621277581828	294.1587045427978	148.66724176759323
43220	57398.4502934614	28242.39292393789	290.92711869215077	93.64617209431889
43260	20992.432547411743	9839.845777703656	75.80559689868818	70.03583242631886
43300	108838.55297614528	47380.960809096934	682.5838604744423	130.96627245481142
43320	38434.9760764181	25064.16140976272	117.82008452150959	42.73399217143043
43340	336437.01326966524	150247.6784118966	1935.0924590150096	117.08500133481105
43380	43525.88933923343	18222.126089891073	304.4651565394643	151.8958350850826
43420	45834.21777676439	23330.824816978806	113.67137538179378	44.29231062085976
43460	31061.877863639747	13687.133771786548	326.62139868596614	216.9399007935698
43500	18430.78621834786	9398.544624325446	104.01369863013699	100.60909600922993
43580	111595.56210074924	44991.67821105425	510.15957087367343	103.08160231129739
43620	207215.56100276625	87848.31127681698	910.9039115184916	94.26413017860062
43660	15444.30246582969	6385.782944365696	90.54877730329858	128.90677774814753
43700	55646.01925534822	26140.867282455092	329.0730563868425	114.44047389690985
43740	46891.25504859804	23363.83391465224	241.28446868878265	93.88421343478264
43760	44615.239691141054	23819.78467030107	201.3689847850678	76.8532192775095
43780	260500.4991817139	115943.37785974822	1156.252855517571	90.65968052379381
43900	297036.63937417074	125895.08898762056	1703.1119841074765	122.98205071908188
43940	13674.078742334286	7291.469569788524	35.15471896099717	43.83044475904636
43980	13501.257129021273	6642.024573070981	67.26276164990865	92.06223864963579
44020	10680.44165415832	8288.127043872018	62.430424168157394	68.47739032176646
44060	505577.8915079998	218132.54641983422	2206.9623962609553	91.97753769787252
44100	190382.9592813333	88686.79353061708	1279.6857277908243	131.1751857649924
44140	603759.5095846972	254137.53860745655	3239.172740879651	115.87042622055105
44180	397579.51885513624	175661.17210512096	2128.5057359545967	110.15554497986687
44220	130234.97120896023	58794.318373206464	911.2242147745936	140.89552744480733
44260	53375.92549005167	25680.10223677815	391.50167464739235	138.59392382250272
44300	125089.9155029987	52614.42310852673	283.3669420849419	48.96115851255299
44340	69482.05398408354	28648.42684471456	402.2605703032676	127.64799600711503
44420	106766.76157690621	47952.52970291272	636.3670483188326	120.64337419857246
44460	16213.834404652587	11250.33708295072	69.04292929292929	55.79059444567878
44500	30966.40417143435	13729.021580737985	62.65506966791302	41.4881380356134
44540	18971.79614317237	7692.610565342212	104.31895050266029	123.28117840143668
44580	48876.21830590175	22235.23366908717	289.69997113630654	118.44427364397785
44620	59822.515767900106	25973.19941874475	266.1579523056839	93.15824782399592
44660	69345.6433976669	31313.08271061676	164.96523067504938	47.89320582349597
44700	509832.39258722827	167906.56059325254	2074.2637124563958	112.30617060993191
44740	10298.826859772591	4050.3234707044294	72.67365289421117	163.11526142149157
44780	44219.74653867042	20309.569857562372	200.69568559341516	89.83480425549467
44860	31587.76070336933	13389.988485425642	262.35296011563554	178.12016139805712
44900	23028.342689915124	9953.178783269617	233.22656922956838	213.0215466454349
44940	132045.41008289406	61363.20320187558	1448.2877876085245	214.5626683031521
44980	52212.52895392643	25612.184571337773	251.57830751935717	89.29638612173207
45000	23001.074533011586	8043.0086679773285	90.36530011869226	102.13873467804443
45020	13658.485755629477	6442.284074155689	144.42338546125274	203.80036842781433
45060	465054.46919921745	205682.13043072802	2540.8021943439066	112.30047898858216
45140	35718.303852130186	15351.712018380458	157.91990768437597	93.51631418597125
45180	59229.85648384038	27802.375226134176	497.8277938066223	162.7813156111095
45220	362161.5530444469	161056.99138950452	1830.899259633201	103.34564541619056
45300	2238131.796862835	1077307.2690535442	6039.644616328493	50.96583094317905
45340	19477.356349757112	11929.179389312978	137.99236641221373	105.16029790085162
45380	27747.860563278224	12859.118886579976	276.6463856886324	195.5784968477583
45460	133847.54641124295	60038.69948476267	781.2661444727571	118.29735747373107
45500	120805.16823614496	53434.63264259627	1046.4638290487405	178.03636080812217
45520	19453.363636363636	8301.454545454546	96.0	105.12944062376799
45540	112518.11989880618	63534.69297320273	310.7979509452173	44.47075739982703
45580	25651.142483623826	11649.391290326965	147.56996574964518	115.16010663085378
45620	39455.14130428368	18166.419693850807	290.1226228042631	145.18427040538046
45660	48051.99508795597	21275.91852358891	285.6906268811709	122.07169877164249
45700	32879.201830452934	13805.021351288819	314.4760049423925	207.08934086050272
45740	23486.569298103972	11007.379052256316	124.38532190995204	102.72887381806372
45780	612991.050109362	288218.81797536963	3975.4584504939494	125.39268470393658
45820	201024.13285506467	90678.04976812733	1506.7498782280993	151.05889684147846
45860	132454.30772446946	60718.44969842218	498.2311054498939	74.59633288406944
45900	124759.0729086651	66866.74320546981	589.0975685811183	80.09112130959066
45940	312299.12718085246	122832.05633805203	897.9982055886753	66.46164115610543
45980	20311.517567750452	10070.001136917952	133.81004816853908	120.79988540325691
46020	91375.34222998083	49655.46163058868	260.27484499331723	47.65105140070069
46060	860213.2760368045	385454.52166146005	1738.3268579590103	40.99827748257824
46100	93994.18887134882	42295.58229347787	568.9914069211263	122.29762243103252
46140	906161.9091928166	394225.59428728314	5292.773735976049	122.05226035488191
46180	157271.50316055331	68035.50552152471	1729.9647580548012	231.1580141192179
46220	144521.98542561798	64185.975563518616	876.4337491553076	124.13271696541848
46300	102457.90973002385	39372.3633871777	592.6200241758035	136.8334105894465
46340	196942.38828755068	80265.8664138885	898.0717013794495	101.7155680131792
46380	61492.58481731624	26925.232375991473	293.3799644801666	99.05543428332705
46420	21226.878884517504	10576.41941299707	117.94787838364621	101.38151655877665
46460	27351.029304423624	12882.987981207441	253.25373406943612	178.709060096688
46500	33077.44096352689	14321.562977305433	244.3005216254983	155.07482224380337
46520	945283.6363636364	338055.2727272727	1717.0	46.173191688933066
46540	218302.69206039223	99331.00452955216	1015.2304781572143	92.91527883926268
46620	14408.06875288241	5570.694073265209	49.511931961237025	80.79935219114542
46660	133395.6965966104	56246.093512906235	953.7764913100722	154.15640152069463
46700	330605.54901587876	118408.29248603452	772.1116309773577	59.279603631448154
46780	26665.658950950034	11803.076589244962	247.1734415070574	190.37674367675487
46820	10288.33394327597	4223.394857161401	37.42227905733391	80.55191342291597
46860	32304.367822573462	11928.699574012198	177.09619036638694	134.96570661186036
46900	11375.359428552723	5393.140202469487	100.32192723229159	169.10695551284803
46980	46610.056818181816	21741.14393939394	400.0416666666667	167.2746583335395
47020	79905.71062695376	32570.598070413354	335.32495684824937	93.5938815747316
47080	24263.908291961707	10847.400009341225	116.55970675512215	97.68550038362514
47180	28473.538368181522	12735.450992944701	144.400176091236	103.07674806992921
47220	124401.76295627734	46556.41170870962	544.0529631475825	106.23533573763629
47240	10523.056896423685	10162.97688284408	52.98657953086708	47.39715371846205
47260	1617456.6927464963	676465.9946065572	7170.458219441592	96.36254347274107
47300	426675.10808521765	135461.9088268566	1300.5282799025001	87.27903264571437
47340	19741.927291650973	8664.702831134082	92.6550505714405	97.21264052264131
47380	218703.14997904503	89631.97756749374	1154.1473660147144	117.05921331537267
47420	14955.301450266707	7176.172928022523	101.07903524564375	128.04879838203072
47460	48100.83385436302	19464.88741146143	205.5496300783333	96.00019569657627
47540	40804.78733508536	17734.78054282063	271.7472581005003	139.29857283153882
47580	161925.8770678333	66650.67050639028	883.4910949187473	120.50497265086038
47620	21503.396008466938	11704.314241204384	94.90193277004404	73.71169515654252
47660	41225.2770935034	17389.566641630456	221.32679864015233	115.70511487058626
47700	54299.53536362872	25444.587867613052	284.81253801346946	101.7585706046035
47780	25415.03826620034	10007.135220540988	148.77403386353186	135.15268727108125
47820	38444.095439804776	20029.5070127153	228.32472808572885	103.63107513910344
47900	5381083.6184979165	2065901.7791912975	12237.023589367422	53.84847920398069
47920	27967.755098621736	12490.37287740988	278.2475962808557	202.51786134648842
47940	130103.22574225675	56832.83571065548	654.6572627354759	104.7181543347797
47980	20205.622293103166	9372.489386789477	96.76422898073588	93.85711443489947
48020	73509.38745638708	31479.114560145335	282.6909101297558	81.63880721313708
48060	65887.91002852675	33052.151741893715	385.3720234460056	105.99558112541202
48100	17768.80444778839	6558.115759670737	90.44912174933374	125.38124871663516
48140	146057.11421838216	67834.72498504404	684.7928809840749	91.7729058163132
48180	50817.81154917061	22570.342703655773	436.87653523953065	175.96564296609571
48220	22574.76469723526	9682.128297162197	122.61705445506192	115.12969678089608
48260	98117.62448380784	47430.642885369314	707.6759599449603	135.63842752943037
48300	93571.00829282115	43478.61487564305	463.4849510535927	96.90970071342097
48460	31725.30818129834	14468.095836214676	190.32925601473653	119.59182350999868
48500	18529.405241018332	8652.889780515427	158.2703646785905	166.28219399235076
48540	111640.35367734362	53308.66458726045	655.7876137240236	111.83370706183504
48580	91604.77921020544	46052.04562958938	388.91559577996514	76.77392560821917
48620	496230.9619664326	211920.20128579298	3706.5480155172063	159.00273237620493
48660	119627.62056089	53492.76359824692	948.9525712601796	161.27118841161246
48700	91836.22587335584	41163.897483763234	383.78148547899735	84.75685755071636
48780	29927.854013830263	15373.26741767279	147.84606403033808	87.42807179711387
48820	36834.31740033271	16854.972350663877	222.50893099687838	120.01256492884794
48900	264248.82961558946	126604.87329463965	1265.6273056670411	90.8788301696316
48940	39706.67830629669	17181.38995838541	273.4533456405306	144.6879159278809
48980	68104.91785015524	30154.835544140115	484.0638568977866	145.93283093224346
49020	123624.04168191017	52279.57450688253	559.562096308351	97.30240148737343
49060	30550.355566439506	13742.07618342414	237.02259163420322	156.79951153503993
49080	9495.756078783603	4017.8263937896963	11.093860268172195	25.101451700623354
49100	40978.67879039644	17166.975681689884	212.16993318764065	112.35628279536466
49180	598186.6750273868	268051.90204290213	2750.085411047316	93.2684165772683
49220	68473.55502962164	32981.15223337205	327.55944028683035	90.28832808647397
49260	16792.91936667715	7657.325888644228	132.99769319492503	157.89715048287627
49300	96848.54538987899	38985.02477693681	302.3543911604046	70.50595193933282
49340	827301.215617804	338419.2223817785	3913.365221503434	105.1241924670546
49380	17755.80715326634	6813.705895008022	114.94623378470074	153.36232261575583
49420	244622.0813939575	85818.33294004755	1518.0102261048098	160.80588484782018
49460	14274.504130958858	6223.111122559682	45.681134172779565	66.73238349045356
49620	347178.7994563845	143550.59320565057	1132.1722173486262	71.69928366944698
49660	463357.5557026468	220128.2368813279	2933.108240443198	121.13221250229905
49700	140578.04859392424	50501.94128303766	539.6051017579371	97.13489819290947
49740	139930.54545454544	58151.63636363636	244.0	38.14478760857195
49780	76204.38700045476	34069.27082082942	591.5872346286642	157.8567911721617
49820	3644.2521273688476	1554.429167805347	3.080232196537784	18.01440133624845
99999	11480569.542218208	5793382.963506862	92570.67041393022	145.26081816420054
